%YAML:1.0 # need to specify the file type at the top!


#############################
####### Pinhole Equi ########
#############################
# cam0:
#   T_cam_imu:
#     - [0.017214474772216132, -0.0008034642120502422, -0.9998514971252359, 0.020670851120764513]
#     - [0.9998263174555488, -0.007128426214556394, 0.017219769539067287, 0.015539085669546057]
#     - [-0.007141203091335369, -0.9999742696614562, 0.0006806125511055194, -0.01575188948566258]
#     - [0.0, 0.0, 0.0, 1.0]
#   cam_overlaps: []
#   camera_model: pinhole
#   distortion_coeffs: [0.025800718903376804, -0.010909240777406872, -0.0016899537986031076, 0.00014766801645260894]
#   distortion_model: equidistant
#   intrinsics: [465.3015482593691, 465.32303798346413, 730.0455886686005, 720.1427007671206]
#   resolution: [1472, 1440]
#   rostopic: /cam0/image_raw
#   timeshift_cam_imu: -0.0065711235601010635

# cam1:
#   T_cam_imu:
#     - [0.001140211562142969, 0.008293988154741392, 0.999964954224936475, -0.019723393561283168]
#     - [0.999968061816069342, -0.007919642587677703, -0.001074527381689296, 0.014881385860452550]
#     - [0.007910452920289310, 0.999934242348850422, -0.008302753327868798, -0.024122617432500697]
#     - [0.0, 0.0, 0.0, 1.0]
#   cam_overlaps: []
#   camera_model: pinhole
#   distortion_coeffs: [0.024723386256038673, -0.010754674082879279, -0.0016168993760219885, 0.00013675348254771203]
#   distortion_model: equidistant
#   intrinsics: [465.43630225493564, 465.4719940813323, 733.436396975063, 718.7408714249976]
#   resolution: [1472, 1440]
#   rostopic: /cam1/image_raw
#   timeshift_cam_imu: -0.0065666869131007294

# pinhole–equidistant intrinsics are obtained by fitting them to the EUCM intrinsics (below).


#############################
########### EUCM ############
#############################
cam0:
  T_cam_imu:
    - [0.017214474772216132, -0.0008034642120502422, -0.9998514971252359, 0.020670851120764513]
    - [0.9998263174555488, -0.007128426214556394, 0.017219769539067287, 0.015539085669546057]
    - [-0.007141203091335369, -0.9999742696614562, 0.0006806125511055194, -0.01575188948566258]
    - [0.0, 0.0, 0.0, 1.0]
  cam_overlaps: []
  camera_model: eucm
  distortion_coeffs: []
  distortion_model: none
  intrinsics: [0.6899954350657926, 0.8911981210457725, 465.2979536302252, 465.3194431883040, 730.0455886686005, 720.14270076712060]
  resolution: [1472, 1440]
  rostopic: /cam0/image_raw
  timeshift_cam_imu: -0.0065711235601010635

# cam1:
#   T_cam_imu:
#     - [0.001140211562142969, 0.008293988154741392, 0.999964954224936475, -0.019723393561283168]
#     - [0.999968061816069342, -0.007919642587677703, -0.001074527381689296, 0.014881385860452550]
#     - [0.007910452920289310, 0.999934242348850422, -0.008302753327868798, -0.024122617432500697]
#     - [0.0, 0.0, 0.0, 1.0]
#   cam_overlaps: []
#   camera_model: eucm
#   distortion_coeffs: []
#   distortion_model: none
#   intrinsics: [0.689023978287534, 0.8955908238645756, 465.43282715729856, 465.46851871720855, 733.4363969750630, 718.74087142499763]
#   resolution: [1472, 1440]
#   rostopic: /cam1/image_raw
#   timeshift_cam_imu: -0.0065666869131007294
